12
10
161
122
107
85
117
41
179
148
56
72
55
17
173
28
143
118
178
162
3
154
104
115
106
152
6
49
83
48
200
102
147
38
176
9
57
20
145
71
187
18
82
202
33
139
103
201
170
155
138
21
67
92
190
151
35
112
169
45
42
75
36
130
96
63
119
205
79
14
52
86
174
91
101
116
188
207
121
100
90
156
78
206
47
204
209
136
7
2
13
58
195
127
150
198
126
51
120
142
74
31
89
184
129
177
24
105
160
95
110
23
40
19
64
30
114
158
182
194
186
53
134
22
62
43
70
203
193
125
208
32
124
61
175
108
199
131
68
34
99
123
69
133
113
81
37
398
390
256
348
412
255
389
347
250
405
362
258
323
392
403
340
281
223
369
218
270
302
287
266
308
394
249
375
273
385
305
245
353
325
357
265
361
328
402
311
376
231
339
326
216
222
381
244
235
355
263
315
227
401
300
332
341
213
268
272
378
296
373
252
260
354
346
246
379
306
293
240
286
312
253
230
221
335
380
372
359
225
248
384
411
331
214
320
367
364
229
395
330
333
391
220
284
238
251
377
410
290
396
358
342
280
275
337
259
393
327
352
262
368
388
310
408
318
414
374
276
313
382
370
291
254
416
363
350
345
241
307
386
413
288
351
232
329
334
407
233
271
298
316
419
509
562
453
571
420
514
588
586
428
575
421
561
516
429
622
458
558
519
539
507
581
438
473
468
484
457
526
446
513
556
492
604
463
591
602
585
597
427
606
613
433
546
612
436
510
520
439
476
592
461
447
495
478
472
565
560
521
485
434
452
568
491
538
532
578
541
566
467
559
501
536
426
500
451
470
483
589
617
620
547
477
553
587
628
574
618
479
577
593
471
590
450
605
522
508
623
466
599
449
552
551
542
494
469
440
570
490
441
497
545
619
425
564
572
488
583
459
563
584
609
537
533
580
527
444
557
549
512
579
475
627
456
608
624
626
499
455
502
621
601
506
424
435
788
712
811
718
774
699
730
679
760
652
631
735
797
782
698
643
634
780
680
711
794
647
769
683
633
773
672
783
775
651
754
716
827
806
792
645
739
785
790
751
708
722
771
817
814
800
786
659
736
829
809
637
812
658
750
710
678
707
713
669
681
694
663
832
823
661
830
655
819
717
696
635
690
810
798
728
667
826
695
799
772
650
640
779
676
682
668
767
801
825
688
795
729
818
816
662
665
704
675
636
632
828
674
703
821
777
693
738
724
666
714
646
689
789
630
657
687
753
673
815
776
822
757
709
787
755
833
759
706
700
762
745
766
733
836
752
807
813
770
758
732
723
744
743
